1)

Please give me a number for n: 6
a =

   4   1   0   0   0   1
   1   4   1   0   0   0
   0   1   4   1   0   0
   0   0   1   4   1   0
   0   0   0   1   4   1
   1   0   0   0   1   4


b =

   3
   0
  -3
   3
   0
  -3

L = 
 Columns 1 through 4:

   1.000000000000000   0.000000000000000   0.000000000000000   0.000000000000000
   0.250000000000000   1.000000000000000   0.000000000000000   0.000000000000000
   0.000000000000000   0.266666666666667   1.000000000000000   0.000000000000000
   0.000000000000000   0.000000000000000   0.267857142857143   1.000000000000000
   0.000000000000000   0.000000000000000   0.000000000000000   0.267942583732057
   0.250000000000000  -0.066666666666667   0.017857142857143  -0.004784688995215

 Columns 5 and 6:

   0.000000000000000   0.000000000000000
   0.000000000000000   0.000000000000000
   0.000000000000000   0.000000000000000
   0.000000000000000   0.000000000000000
   1.000000000000000   0.000000000000000
   0.269230769230769   1.000000000000000

U = 
 Columns 1 through 4:

   4.000000000000000   1.000000000000000   0.000000000000000   0.000000000000000
   0.000000000000000   3.750000000000000   1.000000000000000   0.000000000000000
   0.000000000000000   0.000000000000000   3.733333333333333   1.000000000000000
   0.000000000000000   0.000000000000000   0.000000000000000   3.732142857142857
   0.000000000000000   0.000000000000000   0.000000000000000   0.000000000000000
   0.000000000000000   0.000000000000000   0.000000000000000   0.000000000000000

 Columns 5 and 6:

   0.000000000000000   1.000000000000000
   0.000000000000000  -0.250000000000000
   0.000000000000000   0.066666666666667
   1.000000000000000  -0.017857142857143
   3.732057416267943   1.004784688995215
   0.000000000000000   3.461538461538462

y = 
   3.000000000000000
  -0.750000000000000
  -2.800000000000000
   3.750000000000000
  -1.004784688995215
  -3.461538461538462

x = 
   1.000000000000000
   0.000000000000000
  -1.000000000000000
   1.000000000000000
  -0.000000000000000
  -1.000000000000000

2)

a =

   10    2    1   -1    2    0    1    1    1
   -1   15   -1    1    0   -3    0    5    2
   -2   -1   16    2    3    4    2    1   -1
    1    2    3   20    3    0    4    2    1
   -3   -2   -1    1   22   -1    5    2    2
   -1   -3   -1    1   -4   38    9    4   -1
    3   -1    1   -1   -3    1   32    7    1
   -2    4    1   -2   -4   -2   12   30    2
   -1    2    2   -1   -2   -4    6    3   42


b =

    8
    2
  -17
   21
    3
  -27
   31
    7
  -36


Please give me a number for n: 9
L = 
 Columns 1 through 4:

   1.000000000000000   0.000000000000000   0.000000000000000   0.000000000000000
  -0.100000000000000   1.000000000000000   0.000000000000000   0.000000000000000
  -0.200000000000000  -0.039473684210526   1.000000000000000   0.000000000000000
   0.100000000000000   0.118421052631579   0.185999185999186   1.000000000000000
  -0.300000000000000  -0.092105263157895  -0.048433048433048   0.044361602982293
  -0.100000000000000  -0.184210526315789  -0.065934065934066   0.060391425908667
   0.300000000000000  -0.105263157894737   0.037444037444037  -0.034296365330848
  -0.200000000000000   0.289473684210526   0.090354090354090  -0.133643988816403
  -0.100000000000000   0.144736842105263   0.137973137973138  -0.075489282385834

 Columns 5 through 8:

   0.000000000000000   0.000000000000000   0.000000000000000   0.000000000000000
   0.000000000000000   0.000000000000000   0.000000000000000   0.000000000000000
   0.000000000000000   0.000000000000000   0.000000000000000   0.000000000000000
   0.000000000000000   0.000000000000000   0.000000000000000   0.000000000000000
   1.000000000000000   0.000000000000000   0.000000000000000   0.000000000000000
  -0.161661544247388   1.000000000000000   0.000000000000000   0.000000000000000
  -0.160128926135840   0.009443548088148   1.000000000000000   0.000000000000000
  -0.162174546855303  -0.045407890730825   0.422811172162059   1.000000000000000
  -0.094207178202683  -0.112643947224972   0.235576126278286   0.051018393297819

 Column 9:

   0.000000000000000
   0.000000000000000
   0.000000000000000
   0.000000000000000
   0.000000000000000
   0.000000000000000
   0.000000000000000
   0.000000000000000
   1.000000000000000

U = 
 Columns 1 through 3:

   10.000000000000000    2.000000000000000    1.000000000000000
    0.000000000000000   15.199999999999999   -0.900000000000000
    0.000000000000000    0.000000000000000   16.164473684210527
    0.000000000000000    0.000000000000000    0.000000000000000
    0.000000000000000    0.000000000000000    0.000000000000000
    0.000000000000000    0.000000000000000    0.000000000000000
    0.000000000000000    0.000000000000000    0.000000000000000
    0.000000000000000    0.000000000000000    0.000000000000000
    0.000000000000000    0.000000000000000    0.000000000000000

 Columns 4 through 6:

   -1.000000000000000    2.000000000000000    0.000000000000000
    0.900000000000000    0.200000000000000   -3.000000000000000
    1.835526315789474    3.407894736842105    3.881578947368421
   19.652014652014653    2.142450142450143   -0.366707366707367
    0.000000000000000   22.688433260847052   -1.072051361706534
    0.000000000000000    0.000000000000000   37.552133205417384
    0.000000000000000    0.000000000000000    0.000000000000000
    0.000000000000000    0.000000000000000    0.000000000000000
    0.000000000000000    0.000000000000000    0.000000000000000

 Columns 7 through 9:

    1.000000000000000    1.000000000000000    1.000000000000000
    0.100000000000000    5.100000000000000    2.100000000000000
    2.203947368421053    1.401315789473684   -0.717105263157895
    3.478225478225478    1.035409035409035    0.784696784696785
    5.261654758206483    2.791674433053744    2.423879051465258
    9.904288500982647    5.520644703704481   -0.215980487644579
   32.496303621097127    7.614775306265196    1.364988967221314
    0.000000000000000   26.219253085243061    1.567920348418304
    0.000000000000000    0.000000000000000   41.756696412946553

y = 
    8.00000000000000
    2.80000000000000
  -15.28947368421053
   22.71225071225071
    3.90982706844776
  -27.43186421679016
   31.13131465387582
   -1.56792034841830
  -41.75669641294655

x = 
   1.000000000000000
   0.000000000000000
  -1.000000000000000
   1.000000000000000
   0.000000000000000
  -1.000000000000000
   1.000000000000000
  -0.000000000000000
  -1.000000000000000

